0 6.3661977237e-001 
1 3.1830988618e-001 
2 1.8930374845e-001 
3 1.2480067958e-001 
4 8.8144127852e-002 
5 6.5410834686e-002 
6 5.0383865231e-002 
7 3.9954752059e-002 
8 3.2432525928e-002 
9 2.6834966687e-002 
10 2.2560713787e-002 
11 1.9225321532e-002 
12 1.6573960515e-002 
13 1.4432442160e-002 
14 1.2678506120e-002 
15 1.1224340467e-002 
16 1.0005586924e-002 
17 8.9742246090e-003 
18 8.0938456557e-003 
19 7.3364477811e-003 
20 6.6802378048e-003 
21 6.1081055594e-003 
22 5.6053703376e-003 
23 5.1563607296e-003 
24 4.8054841199e-003 
25 4.8407427368e-003 
26 1.8266158333e-003 
27 -2.5999902041e-002 
28 1.7839327819e-001 
29 2.4573946559e+000 
30 -1.5406955861e+001 
31 -2.3123879586e+002 
32 1.5488809060e+003 
33 2.4741752566e+004 
34 -1.7608013091e+005 
35 -2.9831674316e+006 
36 2.2479215891e+007 
37 4.0260772981e+008 
38 -3.2023347902e+009 
39 -6.0454769141e+010 
