59 1.6393442623e-002 
58 1.6666666667e-002 
57 8.7077611342e-004 
56 9.0051398878e-004 
55 9.8151580132e-004 
54 1.0171119925e-003 
53 1.0545136299e-003 
52 1.0941838437e-003 
51 1.1361338974e-003 
50 1.1805405324e-003 
49 1.2275997888e-003 
48 1.2775270145e-003 
47 1.3305598339e-003 
46 1.3869609784e-003 
45 1.4470215330e-003 
44 1.5110646847e-003 
43 1.5794500624e-003 
42 1.6525787753e-003 
41 1.7308992837e-003 
40 1.8149142595e-003 
39 1.9051886356e-003 
38 2.0023590819e-003 
37 2.1071452061e-003 
36 2.2203628461e-003 
35 2.3429399129e-003 
34 2.4759353577e-003 
33 2.6205619861e-003 
32 2.7782140384e-003 
31 2.9505007041e-003 
30 3.1392870767e-003 
29 3.3467444934e-003 
28 3.5754127954e-003 
27 3.8282778441e-003 
26 4.1088687086e-003 
25 4.4213804355e-003 
24 4.7708303768e-003 
23 5.1632589630e-003 
22 5.6059899368e-003 
21 6.1079710083e-003 
20 6.6802245685e-003 
19 7.3364509430e-003 
18 8.0938459994e-003 
17 8.9742245178e-003 
16 1.0005586913e-002 
15 1.1224340470e-002 
14 1.2678506121e-002 
13 1.4432442159e-002 
12 1.6573960515e-002 
11 1.9225321532e-002 
10 2.2560713787e-002 
9 2.6834966687e-002 
8 3.2432525928e-002 
7 3.9954752059e-002 
6 5.0383865231e-002 
5 6.5410834686e-002 
4 8.8144127852e-002 
3 1.2480067958e-001 
2 1.8930374845e-001 
1 3.1830988618e-001 
0 6.3661977237e-001 
